Measure.java, GraalVM 20.0.0, Java 11.06:

          procedural, 144.3,  91.1,  80.4,  84.7,  85.3,  91.2,  81.7,  83.5,  84.7,  83.2,  83.7,  83.8,  83.9,  83.9,  84.5,  83.7,  84.4,  83.1,  84.6,  81.9,  84.2,  82.0,  84.0,  82.7,  85.8,  81.3,  84.5,  84.9
partially functional,  98.2,  82.9,  83.2,  82.8,  85.3,  99.4,  82.7,  84.8,  83.3,  84.4,  83.9,  84.8,  84.7,  84.3,  85.5,  86.8,  84.5,  83.5,  84.1,  82.6,  83.1,  82.7,  83.8,  83.9,  82.8,  82.3,  83.1,  83.0
    fully functional, 570.5, 594.1, 590.2, 614.3, 614.2, 636.2, 588.0, 607.4, 605.3, 604.6, 600.2, 604.8, 599.8, 603.8, 601.0, 605.2, 600.5, 601.1, 601.1, 598.9, 590.9, 597.6, 598.2, 601.1, 601.5, 607.8, 605.3, 611.5
  compact functional, 571.9, 538.8, 536.6, 569.6, 541.1, 525.3, 543.4, 539.0, 539.4, 536.4, 538.0, 545.7, 539.2, 536.7, 534.0, 547.2, 534.4, 538.3, 531.1, 539.1, 528.3, 531.3, 530.0, 557.1, 534.4, 545.1, 540.9, 537.9

MeasureWithLambda.java, GraalVM 20.0.0, Java 11.06:
          procedural, 145.0, 106.9,  84.5,  83.1,  84.3,  84.3,  82.8,  82.5,  84.9,  84.4,  82.4,  81.8,  83.7,  85.6,  81.7,  82.3,  83.5,  84.4,  85.3,  84.7,  82.0,  83.7,  82.9,  82.5,  85.1,  84.2,  82.9,  84.4
partially functional,  99.6,  92.9,  83.3,  83.8,  84.4,  87.7,  83.4,  82.1,  85.1,  84.8,  82.7,  83.2,  84.7,  82.8,  82.5,  84.1,  83.9,  83.9,  86.1,  82.8,  85.2,  84.5,  82.5,  83.7,  84.2,  84.2,  81.8,  85.6
    fully functional, 569.9, 609.7, 611.4, 609.4, 603.6, 600.4, 597.9, 599.3, 599.2, 589.8, 592.1, 597.5, 595.9, 613.5, 596.2, 585.2, 598.2, 599.9, 591.2, 596.0, 594.2, 598.3, 587.5, 596.3, 594.8, 594.5, 597.5, 598.6
  compact functional, 581.2, 534.0, 541.6, 541.0, 537.4, 535.8, 524.9, 532.0, 533.0, 514.9, 517.2, 525.4, 520.0, 539.0, 523.5, 519.2, 524.0, 519.5, 519.1, 522.5, 521.0, 519.7, 517.2, 518.8, 509.7, 519.0, 525.8, 524.

Measure.java, AdoptOpenJDK 11.0.5, Java 11.05:


MeasureWithLambda.java, AdoptOpenJDK 11.0.5, Java 11.05: